XROTOR VERSION:  7.69
Designed blade                  
!         Rho          Vso          Rmu           Alt
   1.2250       340.00      0.17800E-04   1.0000    
!         Rad          Vel          Adv          Rake
   1.8800       142.00      0.90160       0.0000    
!         XI0          XIW
  0.20000       0.0000    
!  Naero
     1
!   Xisection
   0.0000    
!       A0deg        dCLdA        CLmax         CLmin
   0.0000       6.2800       1.5000     -0.50000    
!  dCLdAstall     dCLstall      Cmconst         Mcrit
  0.10000      0.10000     -0.10000      0.80000    
!       CDmin      CLCDmin     dCDdCL^2        dCDdM^2
  0.13000E-01  0.50000      0.40000E-02   0.0000    
!       REref        REexp
  0.10000E+06 -0.40000    
!LFree   LDuct   LWind
  T       F       F
!   II Nblds
    30     6
!         r/R          C/R     Beta0deg         Ubody
  0.20323      0.76818E-01   77.267       0.0000    
  0.21558      0.80331E-01   76.721       0.0000    
  0.23834      0.86919E-01   75.715       0.0000    
  0.26873      0.96184E-01   74.372       0.0000    
  0.30422      0.10757       72.803       0.0000    
  0.34292      0.12025       71.093       0.0000    
  0.38348      0.13348       69.300       0.0000    
  0.42499      0.14389       67.465       0.0000    
  0.46680      0.15000       65.617       0.0000    
  0.50843      0.15204       63.777       0.0000    
  0.54952      0.15033       61.961       0.0000    
  0.58977      0.14716       60.182       0.0000    
  0.62894      0.14241       58.451       0.0000    
  0.66683      0.13669       56.776       0.0000    
  0.70327      0.13075       55.165       0.0000    
  0.73810      0.12464       53.626       0.0000    
  0.77119      0.11818       52.164       0.0000    
  0.80239      0.11158       50.784       0.0000    
  0.83161      0.10517       49.493       0.0000    
  0.85875      0.98966E-01   48.293       0.0000    
  0.88370      0.92887E-01   47.190       0.0000    
  0.90639      0.86836E-01   46.188       0.0000    
  0.92674      0.81105E-01   45.288       0.0000    
  0.94470      0.76304E-01   44.494       0.0000    
  0.96019      0.72688E-01   43.810       0.0000    
  0.97317      0.70045E-01   43.236       0.0000    
  0.98361      0.68096E-01   42.775       0.0000    
  0.99146      0.66694E-01   42.427       0.0000    
  0.99671      0.65773E-01   42.195       0.0000    
  0.99934      0.65315E-01   42.079       0.0000    
!      URDuct
   1.0000    
