NACA 65(1)-212
     1.000000    0.000000
     0.994394    0.000689
     0.985133    0.001865
     0.974648    0.003251
     0.962727    0.004900
     0.949306    0.006848
     0.934711    0.009074
     0.919601    0.011472
     0.904519    0.013937
     0.889595    0.016419
     0.874695    0.018922
     0.859713    0.021454
     0.844628    0.024003
     0.829489    0.026554
     0.814360    0.029092
     0.799277    0.031607
     0.784250    0.034091
     0.769273    0.036538
     0.754331    0.038937
     0.739402    0.041284
     0.724465    0.043579
     0.709516    0.045822
     0.694569    0.048013
     0.679648    0.050143
     0.664768    0.052200
     0.649926    0.054176
     0.635106    0.056063
     0.620288    0.057860
     0.605467    0.059568
     0.590647    0.061184
     0.575842    0.062699
     0.561066    0.064106
     0.546328    0.065395
     0.531638    0.066557
     0.516993    0.067585
     0.502378    0.068470
     0.487768    0.069205
     0.473134    0.069794
     0.458465    0.070241
     0.443767    0.070551
     0.429059    0.070728
     0.414353    0.070771
     0.399645    0.070680
     0.384917    0.070457
     0.370151    0.070107
     0.355347    0.069639
     0.340519    0.069060
     0.325694    0.068373
     0.310889    0.067577
     0.296109    0.066669
     0.281347    0.065646
     0.266598    0.064508
     0.251866    0.063253
     0.237163    0.061879
     0.222505    0.060385
     0.207894    0.058765
     0.193322    0.057012
     0.178776    0.055119
     0.164264    0.053079
     0.149828    0.050893
     0.135537    0.048565
     0.121446    0.046083
     0.107545    0.043426
     0.093764    0.040558
     0.080085    0.037459
     0.066930    0.034226
     0.054805    0.030956
     0.043587    0.027577
     0.033313    0.024111
     0.024935    0.020983
     0.018628    0.018398
     0.013916    0.016182
     0.010311    0.014199
     0.007485    0.012373
     0.005241    0.010641
     0.003459    0.008869
     0.002089    0.007060
     0.001090    0.005290
     0.000418    0.003581
     0.000048    0.001928
    -0.000024    0.000320
     0.000222   -0.001259
     0.000783   -0.002836
     0.001665   -0.004430
     0.002899   -0.006053
     0.004534   -0.007696
     0.006608   -0.009292
     0.009152   -0.010790
     0.012331   -0.012298
     0.016392   -0.013887
     0.021734   -0.015621
     0.028921   -0.017625
     0.038405   -0.020018
     0.049634   -0.022539
     0.061727   -0.024920
     0.074867   -0.027217
     0.088874   -0.029457
     0.103075   -0.031533
     0.117298   -0.033416
     0.131662   -0.035145
     0.146228   -0.036750
     0.160962   -0.038251
     0.175769   -0.039647
     0.190582   -0.040933
     0.205382   -0.042109
     0.220198   -0.043181
     0.235055   -0.044157
     0.249959   -0.045045
     0.264894   -0.045848
     0.279837   -0.046567
     0.294776   -0.047200
     0.309718   -0.047748
     0.324671   -0.048212
     0.339638   -0.048593
     0.354605   -0.048893
     0.369550   -0.049109
     0.384455   -0.049235
     0.399321   -0.049262
     0.414162   -0.049183
     0.428994   -0.048997
     0.443822   -0.048701
     0.458636   -0.048295
     0.473421   -0.047776
     0.488172   -0.047140
     0.502903   -0.046380
     0.517640   -0.045495
     0.532410   -0.044491
     0.547229   -0.043376
     0.562100   -0.042160
     0.577020   -0.040852
     0.591978   -0.039463
     0.606958   -0.038003
     0.621943   -0.036479
     0.636926   -0.034894
     0.651917   -0.033248
     0.666939   -0.031543
     0.682010   -0.029788
     0.697136   -0.027993
     0.712302   -0.026171
     0.727487   -0.024331
     0.742674   -0.022475
     0.757856   -0.020607
     0.773032   -0.018732
     0.788199   -0.016862
     0.803346   -0.015009
     0.818457   -0.013184
     0.833518   -0.011402
     0.848521   -0.009676
     0.863462   -0.008019
     0.878346   -0.006434
     0.893191   -0.004925
     0.908018   -0.003496
     0.922790   -0.002197
     0.937251   -0.001120
     0.950980   -0.000346
     0.963604    0.000108
     0.974985    0.000300
     0.985192    0.000297
     0.994371    0.000154
     1.000000    0.000000
